0.0
4.88029895257966e-15
4.9964377904229845e-12
2.8802481691489613e-10
5.112305990105223e-09
4.758381541684637e-08
2.9441283412056573e-07
1.3742076689470593e-06
5.218459095055376e-06
1.6927025935072333e-05
4.848544820653384e-05
0.00012558472094494885
0.00029933922657035284
0.0006653782224369858
0.0013936122713383695
0.0027729586080219334
0.005276457528249633
0.009653532792247827
0.017057648431151946
0.029219296185053704
0.04867611423484661
0.07907398920330244
0.12555522796382665
0.1952523000222678
0.2979082395579389
0.44664755105444437
0.6589243742449862
0.9576777212716826
1.3727267879718652
1.9424426465748643
2.7157360314465704
3.7544044136488792
5.135885103018129
6.956464695563367
9.334998775012117
12.417199354581879
16.380551081464507
21.43992069378495
27.85392758854559
35.93214659896381
46.04321715953218
58.623935925334145
74.18941257643509
93.34437094607573
116.79567973034506
145.3661988345625
180.010028855558
221.82925225773187
272.0922554431938
332.2537211123126
403.9763800315737
489.1546105430745
589.9399728378253
708.7687631489156
848.3916705774432
1011.9056162235194
1202.787850637917
1424.932381320897
1682.6887970601601
1980.9035503084817
2324.9637525456324
2720.843530643769
3175.1529846583308
3695.1897791993247
4288.993391605147
4965.402030550895
5734.112228487011
6605.741100436986
7591.891250203862
8705.218292965867
9959.50095060805
11369.713662969023
12952.101644511957
14724.258301793474
16705.204912545127
18915.472452238977
21377.185438732435
24114.14765002556
27151.929554369202
30517.9572759919
34241.602903625186
38354.27593286182
42889.51561724456
47883.08398691648
53373.05927774313
59399.92949809866
66006.68584507941
73238.91566682828
81144.89465299758
89775.67792123143
99185.1896539687
109430.3109269374
120570.96535851058
132670.20219768462
145794.27645790283
160012.72569434743
175398.44301374545
192027.74589822371
209980.44041838957
229339.8804056719
250193.02115007746
272630.467186969
296746.5137353151
322639.18135014473
350410.24335366994
380165.24561286095
412013.518236086
446068.17876788095
482446.1264689959
521268.0272785923
562658.2890668674
606745.026799467
653660.017249809
703538.6429119306
756519.8247846066
812745.9437173107
872362.7500300992
935519.2611426039
1002367.6469720486
1073063.1028865064
1147763.7100274377
1226630.2828448277
1309826.2037190164
1397517.2445753012
1489871.375430864
1587058.5598481009
1689250.5373041765
1796620.5925234044
1909343.311856771
2027594.3268315918
2151550.0450335774
2281387.3685235935
2417283.400032122
2559415.1372151985
2707959.155297075
2863091.278466331
3024986.240433575
3193817.3346006097
3369756.05433195
3552971.7238607267
3743631.1204015072
3941898.088082228
4147933.1443469115
4361893.079518773
4583930.550250843
4814193.667627224
5052825.580712763
5299964.05638268
5555741.056295176
5820282.311900399
6093706.898407413
6376126.808657354
6667646.527875267
6968362.610295103
7278363.258672979
7597727.907720376
7926526.8125050645
8264820.642879266
8612660.08500497
8970085.451053152
9337126.298158148
9713801.057709996
10100116.676065778
10496068.26775689
10901638.782261861
11316798.68540328
11741505.656414729
12175704.301706329
12619325.886337962
13072288.084187021
13534494.747771006
14005835.698656775
14486186.539356979
14975408.487578195
15473348.233648986
15979837.821914509
16494694.556842035
17017720.93453469
17548704.6003035
18087418.332895372
18633620.055922903
19187052.876984615
19747445.154907763
20314510.595485523
20887948.376018483
21467443.298907757
22052665.974481657
22643273.033171576
23238907.367085323
23839198.400958184
24443762.39239099
25052202.761216942
25664110.447765127
26279064.299720928
26896631.487209857
27516367.945662685
28137818.845946696
28760519.091179952
29383993.8395745
30007759.052585833
30631322.0675794
31254182.19415716
31875831.333223514
32495754.617805786
33113431.074584126
33728334.30502478
34339933.184955224
34947692.58136341
35551074.08515242
36149536.75853065
36742537.89567327
37329533.795244485
37909980.54333173
38483334.80530471
39049054.62507815
39606600.23022844
40155434.841385335
40695025.48429989
41224843.802967526
41744366.8721735
42253078.007813804
42750467.5733394
43236033.78066779
43709283.483907245
44169732.96424358
44616908.704349846
45050348.15069109
45469600.462115824
45874227.24314512
46263803.26039795
46637917.14061969
46996172.0488157
47338186.34502593
47663594.218323916
47972046.29666066
48263210.23122866
48536771.25407047
48792432.7077106
49029916.54565072
49248963.80262643
49449335.03359088
49630810.72045554
49793191.64568937
49936299.23194882
50059975.84698574
50164085.07315583
50248511.940929264
50313163.125882834
50357967.10873628
50382874.29807469
50387857.11548501
50372910.042915195
50338049.63215164
50283314.47639273
50208765.14398259
50114484.074452855
50000575.4371037
49867164.95243982
49714399.67685915
49542447.751073495
49351498.11282073
49141760.174505845
48913463.46648813
48666857.24680276
48402210.07818223
48119809.37331044
47819960.909313306
47502988.31255387
47169232.51486271
46819051.182396345
46452818.11836979
46070922.64096639
45673768.93777649
45261775.39816262
44835373.92499383
44395009.227228686
43941138.094864964
43474228.657801956
42994759.63019289
42503219.541885115
42000105.95856752
41485924.69225929
40961189.00378547
40426418.798892185
39882139.81965677
39328882.83284883
38767182.8168905
38197578.14905775
37620609.794548936
37036820.49903227
36446753.98626039
35850954.162317276
35249964.32803365
34644326.401075244
34034580.14917212
33421262.435919285
32804906.4805364
32186041.13292927
31565190.165346764
30942871.581878286
30319596.94698002
29695870.73416549
29072189.695935402
28449042.255962152
27826907.924482208
27206256.737785447
26587548.722623777
25971233.386296824
25357749.233101588
24747523.307765648
24140970.766412836
23538494.475540146
22940484.639413748
22347318.456220366
21759359.80324073
21176958.951239318
20600452.308195245
20030162.192429565
19466396.635114122
18909449.21208044
18359598.904779196
17817109.990175687
17282231.9593027
16755199.464129005
16236232.292342115
15725535.369584074
15223298.788622895
14729697.864887731
14244893.217743615
13769030.87683144
13302242.412752433
12844645.091330975
12396342.050648322
11957422.500000007
11527961.939894633
11108022.402176922
10697652.709329037
10296888.75197601
9905753.783596972
9524258.731422862
9152402.522483243
8790172.423749339
8437544.39530889
8094483.455499242
7760944.056919426
7436870.472238537
7122197.188718529
6816849.310371621
6520742.966678925
6233785.7268051915
5955877.018255562
5686908.5489344355
5426764.731582697
5175323.109588265
4932454.78318603
4698024.835086844
4471892.754600215
4253912.8593430165
4043934.7136557624
3841803.5428790194
3647360.6426750654
3460443.7826141743
3280887.6032802835
3108524.006187534
2943182.535836871
2784690.7532807835
2632874.6006036326
2487558.755765221
2348566.9772961857
2215722.4383747317
2088848.0498556492
1967766.7718642796
1852301.913609364
1742277.4211103565
1637518.1525758132
1537850.141210316
1443100.8452677024
1353099.385208027
1267676.76785477
1186666.0974869132
1109902.7738377505
1037224.6770087077
968472.3393414542
903489.1043256472
842121.2726523967
784218.2355549231
729632.595607897
678220.275185532
629840.6128055537
584356.4476116959
541634.1922712834
501543.89458679064
463959.2881409431
428757.83231383306
395820.74202796567
365033.0075926622
336283.4050332175
309464.49730245234
284472.6267828642
261207.89949645865
239574.16144663587
219478.96752213384
200833.54339709214
183552.740863825
167554.98703589826
152762.22785866575
139099.86636253065
126496.69609102997
114884.83013126985
104199.62616851192
94379.60797975646
85366.38377312315
77104.56177072358
69541.66342264932
62628.034628714435
56316.755332776775
50563.547841886815
45326.68420925046
40566.893006120314
36247.26579331227
32333.163588180014
28792.12360760435
25593.766551978253
22709.704679338764
20113.450902795317
17780.32912829243
15687.386033597166
13813.304473276721
12138.31867839399
10644.13140376005
9313.833159897666
8131.823651441681
7083.735528590674
6156.360543463745
5337.578188865617
4616.2868830555335
3982.3377506920533
3426.4710372213767
2940.255181621896
2516.028560640636
2146.8439064813783
1826.4153893507707
1549.0683463538267
1309.6916289675678
1103.6925327205759
926.9542647742521
775.7958978397443
646.934752274565
537.4511422800491
444.7554168588965
366.5572215818318
300.83690324137217
245.81897612417424
199.94756589403846
161.8637449257218
130.38467134354286
104.48444297459727
83.2765768987433
65.99802523944162
51.994638262385195
40.707986703285364
31.663456501405747
24.459530740200005
18.7581755586952
14.27624906476627
10.77785482160988
8.067564259018253
5.984435349116405
4.39675805006783
3.1974603294222677
2.300112000524905
1.63546711086012
1.148489181492008
0.7958071842059768
0.543553731140313
0.3655405156458498
0.24172955937335927
0.15696226734289015
0.09991164989932465
0.062226319705095255
0.03783799683007887
0.022407241053254808
0.012884965131733414
0.007169955446997069
0.003845128533027424
0.001977576957728607
0.0009696012923507329
0.0004498838599444708
0.00019573393705271476
7.892431824367904e-05
2.9048700313086513e-05
9.563027592384095e-06
2.7382745243901307e-06
6.552376256254876e-07
1.2337744755923284e-07
1.659664749384467e-08
1.345255408470247e-09
4.65260507613804e-11
2.813994381482848e-13
4.766152611756363e-18
4.7661526117459215e-18
2.813994381480794e-13
4.6526050761360004e-11
1.3452554084698244e-09
1.6596647493840646e-08
1.2337744755920833e-07
6.55237625625449e-07
2.7382745243897334e-06
9.563027592382865e-06
2.9048700313083156e-05
7.892431824367067e-05
0.00019573393705269585
0.00044988385994443103
0.0009696012923506552
0.0019775769577284595
0.0038451285330271547
0.007169955446996593
0.012884965131732616
0.02240724105325348
0.03783799683007809
0.062226319705091925
0.09991164989931958
0.15696226734288266
0.24172955937334792
0.365540515645833
0.5435537311402892
0.795807184205945
1.1484891814919627
1.6354671108600578
2.3001120005248197
3.1974603294221557
4.3967580500676755
5.9844353491161995
8.06756425901799
10.777854821609537
14.276249064765832
18.758175558694646
24.459530740199295
31.663456501404873
40.70798670328429
51.994638262383816
65.99802523943984
83.27657689874118
104.48444297459467
130.38467134353965
161.86374492571792
199.94756589403374
245.81897612416867
300.83690324136535
366.5572215818237
444.7554168588871
537.4511422800388
646.9347522745522
775.795897839728
926.9542647742355
1103.6925327205543
1309.6916289675428
1549.068346353818
1826.4153893507385
2146.8439064813397
2516.028560640594
2940.2551816218484
3426.471037221317
3982.3377506919865
4616.286883055463
5337.5781888655365
6156.360543463652
7083.735528590568
8131.823651441563
9313.833159897531
10644.131403760002
12138.318678393798
13813.304473276534
15687.386033596948
17780.329128292182
20113.450902795048
22709.704679338458
25593.76655197791
28792.12360760398
32333.16358817959
36247.2657933118
40566.893006119855
45326.68420924987
50563.54784188628
56316.755332776185
62628.03462871378
69541.66342264855
77104.56177072259
85366.38377312207
94379.60797975527
104199.62616851067
114884.83013126862
126496.69609102854
139099.86636252925
152762.22785866418
167554.9870358967
183552.74086382304
200833.54339709025
219478.96752213174
239574.16144663337
261207.89949645632
284472.6267828617
309464.4973024498
336283.4050332145
365033.0075926589
395820.7420279622
428757.83231382904
463959.2881409398
501543.8945867889
541634.1922712785
584356.447611692
629840.6128055482
678220.2751855266
729632.5956078912
784218.2355549177
842121.2726523911
903489.1043256395
968472.3393414463
1037224.6770086995
1109902.7738377429
1186666.097486906
1267676.7678547686
1353099.3852080172
1443100.8452676893
1537850.141210305
1637518.1525758014
1742277.4211103455
1852301.9136093536
1967766.7718642673
2088848.0498556364
2215722.438374716
2348566.9772961736
2487558.7557652057
2632874.6006036173
2784690.7532807784
2943182.5358368554
3108524.006187515
3280887.603280251
3460443.78261415
3647360.642675029
3841803.5428790026
4043934.713655755
4253912.859342991
4471892.754600203
4698024.835086817
4932454.783186024
5175323.109588239
5426764.731582688
5686908.548934389
5955877.018255526
6233785.726805139
6520742.966678891
6816849.310371564
7122197.188718491
7436870.472238526
7760944.056919377
8094483.455499232
8437544.395308852
8790172.42374933
9152402.52248319
9524258.731422817
9905753.783596892
10296888.75197597
10697652.709328962
11108022.40217688
11527961.939894555
11957422.49999998
12396342.050648302
12844645.091330927
13302242.412752401
13769030.876831392
14244893.217743598
14729697.864887666
15223298.788622841
15725535.369583981
16236232.292342067
16755199.464128902
17282231.959302634
17817109.9901756
18359598.904779132
18909449.212080415
19466396.63511406
20030162.19242953
20600452.30819517
21176958.951239273
21759359.80324065
22347318.456220306
22940484.639413662
23538494.47554011
24140970.766412705
24747523.30776556
25357749.233101454
25971233.386296738
26587548.722623736
27206256.737785377
27826907.924482208
28449042.25596204
29072189.695935328
29695870.734165385
30319596.94697998
30942871.581878174
31565190.165346727
32186041.132929154
32804906.480536353
33421262.43591923
34034580.149172045
34644326.401075244
35249964.32803355
35850954.16231719
36446753.98626031
37036820.49903225
37620609.79454884
38197578.14905771
38767182.81689044
39328882.83284881
39882139.81965666
40426418.79889211
40961189.00378547
41485924.6922592
42000105.95856752
42503219.54188509
42994759.63019289
43474228.65780187
43941138.094864905
44395009.22722864
44835373.92499375
45261775.398162596
45673768.937776424
46070922.64096628
46452818.118369736
46819051.182396345
47169232.51486271
47502988.3125538
47819960.90931326
48119809.37331044
48402210.078182176
48666857.24680273
48913463.466488056
49141760.174505845
49351498.11282067
49542447.751073495
49714399.67685908
49867164.95243974
50000575.4371037
50114484.074452855
50208765.14398259
50283314.47639267
50338049.63215164
50372910.042915195
50387857.11548501
50382874.29807469
50357967.10873628
50313163.125882834
50248511.940929264
50164085.073155865
50059975.84698574
49936299.231948845
49793191.64568937
49630810.72045554
49449335.03359088
49248963.80262643
49029916.54565072
48792432.70771065
48536771.25407049
48263210.23122871
47972046.296660714
47663594.218323916
47338186.34502599
46996172.0488157
46637917.14061979
46263803.260397986
45874227.24314512
45469600.462115854
45050348.15069109
44616908.70434985
44169732.964243636
43709283.48390732
43236033.78066783
42750467.5733395
42253078.00781387
41744366.87217359
41224843.802967586
40695025.48429989
40155434.8413854
39606600.23022844
39049054.625078246
38483334.805304766
37909980.54333185
37329533.79524455
36742537.895673335
36149536.75853068
35551074.08515253
34947692.581363484
34339933.184955336
33728334.305024855
33113431.07458418
32495754.61780586
31875831.333223514
31254182.194157243
30631322.067579422
30007759.05258593
29383993.839574534
28760519.09118004
28137818.84594673
27516367.945662815
26896631.48720995
26279064.299721025
25664110.447765198
25052202.761216953
24443762.39239108
23839198.400958203
23238907.367085427
22643273.03317163
22052665.974481758
21467443.2989078
20887948.376018565
20314510.595485575
19747445.154907867
19187052.876984656
18633620.055922993
18087418.33289545
17548704.600303523
17017720.93453475
16494694.556842048
15979837.82191459
15473348.233649021
14975408.487578284
14486186.539357007
14005835.69865684
13534494.74777104
13072288.084187105
12619325.88633801
12175704.301706403
11741505.656414773
11316798.68540329
10901638.782261912
10496068.267756922
10100116.67606583
9713801.05771004
9337126.298158206
8970085.451053176
8612660.08500503
8264820.642879305
7926526.812505118
7597727.907720403
7278363.258672986
6968362.6102951355
6667646.527875272
6376126.808657387
6093706.898407428
5820282.311900433
5555741.0562951965
5299964.056382711
5052825.580712778
4814193.667627256
4583930.5502508655
4361893.079518802
4147933.1443469366
3941898.0880822386
3743631.1204015273
3552971.723860739
3369756.0543319695
3193817.3346006265
3024986.2404336
2863091.2784663397
2707959.1552970996
2559415.13721521
2417283.4000321436
2281387.368523604
2151550.0450335965
2027594.3268316071
1909343.311856773
1796620.5925234156
1689250.5373041846
1587058.5598481132
1489871.3754308687
1397517.2445753147
1309826.2037190227
1226630.2828448396
1147763.7100274428
1073063.1028865166
1002367.6469720548
935519.2611426148
872362.7500301048
812745.9437173116
756519.8247846125
703538.642911933
653660.0172498142
606745.0267994702
562658.289066874
521268.02727859496
482446.1264690023
446068.1787678841
412013.5182360911
380165.2456128638
350410.2433536751
322639.18135014776
296746.5137353164
272630.46718697157
250193.0211500789
229339.88040567463
209980.44041839067
192027.74589822596
175398.4430137464
160012.72569434962
145794.27645790396
132670.20219768677
120570.96535851178
109430.3109269392
99185.18965396994
89775.67792123182
81144.89465299841
73238.9156668287
66006.68584508025
59399.92949809893
53373.05927774393
47883.083986916856
42889.515617245226
38354.275932862234
34241.60290362578
30517.957275992263
27151.929554369784
24114.14765002588
21377.185438732522
18915.47245223926
16705.20491254526
14724.258301793707
12952.101644512057
11369.713662969245
9959.50095060814
8705.218292966056
7591.891250203967
6605.741100437135
5734.112228487088
4965.402030551021
4288.9933916052105
3695.189779199348
3175.1529846583894
2720.843530643792
2324.96375254568
1980.9035503085038
1682.6887970602022
1424.932381320915
1202.7878506379498
1011.905616223536
848.3916705774673
708.7687631489287
589.9399728378445
489.1546105430849
403.9763800315771
332.2537211123199
272.09225544319673
221.82925225773775
180.01002885556076
145.36619883456677
116.79567973034688
93.34437094607901
74.18941257643665
58.62393592533642
46.04321715953332
35.93214659896409
27.853927588546398
21.43992069378523
16.380551081465057
12.417199354582067
9.334998775012481
6.956464695563504
5.135885103018359
3.7544044136489725
2.715736031446707
1.9424426465749234
1.3727267879719456
0.9576777212717175
0.6589243742449958
0.4466475510544652
0.2979082395579449
0.1952523000222783
0.12555522796382995
0.07907398920330753
0.04867611423484832
0.02921929618505591
0.017057648431152702
0.009653532792248714
0.00527645752824993
0.002772958608022239
0.0013936122713384708
0.0006653782224370062
0.00029933922657038103
0.00012558472094495435
4.848544820653993e-05
1.692702593507348e-05
5.218459095056272e-06
1.3742076689471975e-06
2.9441283412063757e-07
4.758381541685416e-08
5.112305990107238e-09
2.8802481691498547e-10
4.996437790427206e-12
4.880298952584732e-15
3.9150718043670916e-149
