0.0
9.76059790515932e-16
9.992875580845968e-13
5.760496338297923e-11
1.0224611980210446e-09
9.516763083369273e-09
5.888256682411314e-08
2.7484153378941183e-07
1.0436918190110753e-06
3.3854051870144666e-06
9.697089641306768e-06
2.511694418898977e-05
5.986784531407057e-05
0.00013307564448739718
0.0002787224542676739
0.0005545917216043867
0.0010552915056499267
0.0019307065584495656
0.0034115296862303893
0.005843859237010741
0.009735222846969321
0.015814797840660488
0.02511104559276533
0.03905046000445356
0.05958164791158777
0.08932951021088888
0.13178487484899723
0.19153554425433653
0.27454535759437304
0.38848852931497285
0.5431472062893141
0.7508808827297758
1.027177020603626
1.3912929391126734
1.8669997550024235
2.4834398709163756
3.2761102162929014
4.28798413875699
5.570785517709118
7.186429319792762
9.208643431906436
11.724787185066829
14.837882515287017
18.668874189215146
23.35913594606901
29.073239766912504
36.0020057711116
44.36585045154637
54.418451088638754
66.45074422246252
80.79527600631474
97.8309221086149
117.98799456756505
141.75375262978312
169.67833411548864
202.38112324470387
240.5575701275834
284.98647626417943
336.537759412032
396.18071006169635
464.99275050912644
544.1687061287538
635.0305969316662
739.0379558398649
857.7986783210293
993.080406110179
1146.8224456974021
1321.1482200873972
1518.3782500407724
1741.0436585931734
1991.9001901216097
2273.9427325938045
2590.4203289023912
2944.851660358695
3341.0409825090255
3783.094490447795
4275.437087746487
4822.829530005112
5430.385910873841
6103.59145519838
6848.320580725038
7670.855186572364
8577.903123448912
9576.616797383296
10674.611855548626
11879.985899619733
13201.337169015882
14647.783133365656
16228.978930599515
17955.135584246287
19837.03793079374
21886.06218538748
24114.193071702117
26534.040439536926
29158.855291580567
32002.54513886949
35079.68860274909
38405.549179644746
41996.08808367791
45867.97608113438
50038.604230015495
54526.09343739381
59349.302747063026
64527.83627002894
70082.04867073399
76033.04912257219
82402.7036472172
89213.63575357619
96489.22529379917
104253.60545571845
112531.65781337349
121349.0053598934
130732.0034499618
140707.7285823861
151303.96495692132
162549.18874346215
174472.55000601982
187103.8522285208
200473.5293944097
214612.62057730128
229552.74200548753
245326.05656896555
261965.2407438033
279503.44891506026
297974.2750861728
317411.7119696202
337850.1074608353
359324.11850468087
381868.6623713542
405518.8653663184
430310.0090067155
456277.4737047187
483456.68000642443
511883.0274430397
541591.831059415
572618.2556932662
604997.248086715
638763.4669201219
673951.21086639
710594.3447721454
748726.2240803015
788379.6176164455
829586.6288693823
872378.6159037546
916786.1100501687
962838.7335254448
1010565.1161425525
1059992.811276536
1111148.2112590352
1164056.4623800798
1218741.3796814824
1275225.3617314708
1333529.3055750534
1393672.5220590206
1455672.6517345957
1519545.5815440752
1585305.3625010129
1652964.1285758533
1722532.0170009942
1794017.0902106303
1867425.2596316298
1942760.2115419991
2020023.3352131557
2099213.6535513783
2180327.7564523723
2263359.737080656
2348301.1312829456
2435140.860341266
2523865.1772675924
2614457.616837404
2706898.949554201
2801167.139731355
2897237.3078713957
2995081.697515639
3094669.646729797
3195967.564382902
3298938.911368407
3403544.186906938
3509740.9200607003
3617483.666579074
3726724.0111845806
3837410.575396923
3949489.030981553
4062902.1190971043
4177589.6752036964
4293488.659781551
4410533.194896331
4528654.606634315
4647781.473417064
4767839.680191637
4888752.478478198
5010440.552243388
5132822.089553026
5255812.859944185
5379326.2974419715
5503273.589132537
5627563.769189339
5752103.818235991
5876798.767914901
6001551.810517167
6126264.41351588
6250836.438831432
6375166.266644703
6499150.923561158
6622686.214916825
6745666.861004956
6867986.636991045
6989538.516272683
7110214.817030483
7229907.3517061295
7348507.579134653
7465906.759048898
7581996.1086663455
7696666.961060942
7809810.92501563
7921320.046045687
8031086.968277067
8139005.096859978
8244968.760593506
8348873.374434701
8450615.60156276
8550093.51466788
8647206.756133558
8741856.696781449
8833946.592848716
8923381.74086997
9010069.630138218
9093920.092423165
9174845.448629025
9252760.65207959
9327583.428123938
9399234.409763139
9467637.269005185
9532718.843664784
9594409.259332132
9652642.046245731
9707354.250814093
9758486.54154212
9805983.309130143
9849792.760525286
9889867.006718177
9926162.144091109
9958638.329137873
9987259.846389765
10011995.16939715
10032817.014631165
10049702.388185853
10062632.625176568
10071593.421747256
10076574.859614938
10077571.423097003
10074582.008583039
10067609.926430328
10056662.895278547
10041753.028796518
10022896.814890571
10000115.087420741
9973432.990487965
9942879.93537183
9908489.550214699
9870299.622564146
9828352.034901168
9782692.693297626
9733371.449360553
9680442.015636446
9623961.874662088
9563992.181862662
9500597.662510773
9433846.502972541
9363810.23647927
9290563.623673957
9214184.528193278
9134753.787555298
9052355.079632524
8967074.784998765
8879001.845445737
8788227.618972993
8694845.73156039
8598951.926038578
8500643.908377023
8400021.191713504
8297184.938451857
8192237.800757093
8085283.759778436
7976427.963931354
7865776.566569766
7753436.5633781
7639515.6298115505
7524121.958909787
7407364.099806453
7289350.797252079
7170190.832463454
7049992.86560673
6928865.280215049
6806916.029834424
6684252.487183857
6560981.29610728
6437208.226585854
6313038.033069353
6188574.316375657
6063919.389396003
5939174.146833098
5814437.939187081
5689808.45119243
5565381.584896442
5441251.347557089
5317509.7445247555
5194246.677259365
5071549.846620318
4949504.66155313
4828194.153282567
4707698.895108029
4588096.92788275
4469463.691244073
4351871.960648146
4235391.790247863
4120090.461639049
4006032.438485913
3893279.3270228244
3781889.8424160886
3671919.7809558394
3563421.9980351375
3456446.3918605405
3351039.892825801
3247246.458468423
3145107.0739168148
3044659.757724579
2945939.572977546
2848978.643548723
2753806.175366288
2660448.4825504865
2568929.018266195
2479268.4101296645
2391484.5000000014
2305592.3879789268
2221604.4804353844
2139530.5418658075
2059377.750395202
1981150.7567193944
1904851.7462845724
1830480.5044966487
1758034.4847498676
1687508.8790617778
1618896.6910998484
1552188.811383885
1487374.0944477073
1424439.437743706
1363369.8620743242
1304148.593335785
1246757.1453610384
1191175.4036511122
1137381.709786887
1085352.9463165393
1035064.621917653
986490.956637206
939604.9670173688
894378.550920043
850782.5718686032
808786.9427311525
768360.7085758039
729472.1285350131
692088.7565228349
656177.5206560567
621704.8012375068
588636.5071673741
556938.1506561567
526574.9201207266
497511.7511530442
469713.3954592371
443144.4876749463
417769.60997112986
393553.3543728559
370460.3827218728
348455.4842220713
327503.63051516266
307570.0282420632
288620.16905354045
270619.8770416054
253535.353570954
237333.21949738264
221980.55476755011
207444.93540174153
193694.46786829084
180697.82086512944
168424.25453047935
156843.6471109846
145926.51912157942
135644.05503710642
125968.12256111074
116871.28952233917
108326.83845425666
100308.77891735813
92791.85762818862
85751.56646276661
79164.14840559314
73006.60151853244
67256.6810066435
61892.89946049047
56894.52535657285
52241.579899291726
47914.832289327176
43895.793504426765
40166.70867941843
36710.548172765
33510.99740717965
30552.445571733148
27819.97327250613
25299.339218205994
22976.96602625397
20839.925233702386
18875.92159595129
17073.27675462463
15420.912354144717
13908.332684529863
12525.606925742886
11263.351066555355
10112.709568377362
9065.336841850092
8113.378601224063
7249.4531586624535
6466.632717636003
5758.42472152087
5118.75331039565
4541.940935867753
4022.6901805590633
3556.0658256584857
3137.477206719433
2762.6608946553442
2427.663735678798
2128.82628075201
1862.766631979533
1626.3647302883362
1416.747105718135
1231.272108692749
1067.5156377731234
923.2573766111067
796.4675501384106
685.2942074442753
588.0510363243792
503.20571212812723
429.3687812962757
365.28307787015416
309.81366927076533
261.93832579351357
220.73850654411518
185.39085295485043
155.15917956794885
129.386950454913
107.49022845600982
88.9510833717793
73.31144431636636
60.16738064827443
49.16379522483485
39.98951317880769
32.372748985144355
26.076934268708573
20.896888594919453
16.65531537974866
13.199605047888324
10.398927652477038
8.141597340657073
6.33269130028115
4.891906148040001
3.75163511173904
2.855249812953254
2.155570964321976
1.6135128518036506
1.196887069823281
0.879351610013566
0.6394920658844535
0.460022400104981
0.327093422172024
0.2296978362984016
0.15916143684119538
0.10871074622806261
0.07310810312916996
0.048345911874671854
0.03139245346857803
0.01998232997986493
0.01244526394101905
0.0075675993660157745
0.004481448210650962
0.0025769930263466827
0.0014339910893994138
0.0007690257066054848
0.0003955153915457214
0.00019392025847014659
8.997677198889416e-05
3.914678741054295e-05
1.578486364873581e-05
5.809740062617303e-06
1.912605518476819e-06
5.476549048780262e-07
1.3104752512509752e-07
2.467548951184657e-08
3.319329498768934e-09
2.6905108169404937e-10
9.30521015227608e-12
5.627988762965696e-14
9.532305223512727e-19
9.532305223491842e-19
5.6279887629615885e-14
9.305210152272e-12
2.690510816939649e-10
3.319329498768129e-09
2.4675489511841666e-08
1.310475251250898e-07
5.476549048779466e-07
1.912605518476573e-06
5.809740062616631e-06
1.5784863648734132e-05
3.914678741053917e-05
8.997677198888621e-05
0.00019392025847013105
0.0003955153915456919
0.000769025706605431
0.0014339910893993186
0.002576993026346523
0.0044814482106506955
0.007567599366015618
0.012445263941018385
0.019982329979863916
0.03139245346857653
0.048345911874669585
0.0731081031291666
0.10871074622805783
0.159161436841189
0.22969783629839255
0.32709342217201154
0.460022400104964
0.6394920658844312
0.8793516100135351
1.19688706982324
1.6135128518035982
2.1555709643219076
2.8552498129531663
3.751635111738929
4.891906148039859
6.332691300280975
8.141597340656858
10.398927652476763
13.199605047887967
16.655315379748238
20.896888594918934
26.07693426870793
32.37274898514359
39.989513178806746
49.163795224833734
60.16738064827307
73.31144431636474
88.95108337177741
107.49022845600774
129.38695045491045
155.1591795679456
185.3908529548471
220.73850654411086
261.93832579350857
309.8136692707636
365.2830778701477
429.36878129626797
503.2057121281188
588.0510363243696
685.2942074442634
796.4675501383973
923.2573766110925
1067.5156377731073
1231.2721086927304
1416.7471057181135
1626.3647302883126
1862.7666319795062
2128.8262807520005
2427.6637356787596
2762.660894655307
3137.4772067193894
3556.0658256584366
4022.6901805590096
4541.940935867691
5118.753310395582
5758.424721520796
6466.632717635917
7249.453158662361
8113.378601223971
9065.336841849974
10112.709568377255
11263.351066555237
12525.606925742755
13908.332684529709
15420.912354144517
17073.276754624414
18875.921595951055
20839.925233702135
22976.966026253725
25299.339218205707
27819.973272505853
30552.445571732835
33510.99740717934
36710.54817276461
40166.70867941805
43895.79350442635
47914.832289326674
52241.57989929126
56894.52535657234
61892.89946048995
67256.6810066429
73006.60151853178
79164.14840559244
85751.56646276581
92791.85762818795
100308.77891735778
108326.8384542557
116871.2895223384
125968.12256110965
135644.0550371053
145926.51912157825
156843.64711098355
168424.2545304782
180697.8208651279
193694.46786828927
207444.9354017399
221980.55476754857
237333.21949738121
253535.3535709537
270619.87704160344
288620.1690535379
307570.02824206103
327503.6305151603
348455.4842220691
370460.38272187073
393553.3543728535
417769.6099711273
443144.4876749432
469713.3954592347
497511.75115304114
526574.9201207234
556938.1506561557
588636.5071673711
621704.801237503
656177.5206560502
692088.75652283
729472.1285350058
768360.7085758005
808786.942731151
850782.5718685982
894378.5509200406
939604.9670173633
986490.9566372047
1035064.6219176479
1085352.9463165377
1137381.7097868777
1191175.4036511052
1246757.145361028
1304148.5933357782
1363369.8620743128
1424439.4377436982
1487374.0944477052
1552188.8113838756
1618896.6910998463
1687508.8790617704
1758034.484749866
1830480.5044966382
1904851.7462845633
1981150.7567193785
2059377.750395194
2139530.5418657926
2221604.480435376
2305592.387978911
2391484.499999996
2479268.4101296603
2568929.018266185
2660448.4825504804
2753806.1753662783
2848978.6435487196
2945939.572977533
3044659.7577245682
3145107.073916796
3247246.4584684134
3351039.8928257804
3456446.391860527
3563421.9980351203
3671919.7809558264
3781889.842416083
3893279.3270228114
4006032.438485906
4120090.461639034
4235391.790247855
4351871.96064813
4469463.691244061
4588096.927882733
4707698.895108022
4828194.153282541
4949504.661553112
5071549.846620291
5194246.677259347
5317509.744524747
5441251.347557075
5565381.584896442
5689808.451192408
5814437.939187066
5939174.146833077
6063919.389395996
6188574.316375635
6313038.033069345
6437208.226585831
6560981.296107271
6684252.487183846
6806916.029834409
6928865.280215049
7049992.86560671
7170190.832463437
7289350.797252062
7407364.09980645
7524121.958909768
7639515.629811542
7753436.563378088
7865776.566569762
7976427.963931332
8085283.759778422
8192237.800757093
8297184.93845184
8400021.191713504
8500643.908377018
8598951.926038578
8694845.731560374
8788227.618972981
8879001.845445728
8967074.78499875
9052355.079632519
9134753.787555285
9214184.528193256
9290563.623673948
9363810.23647927
9433846.502972541
9500597.66251076
9563992.181862652
9623961.874662088
9680442.015636435
9733371.449360546
9782692.693297612
9828352.034901168
9870299.622564133
9908489.550214699
9942879.935371816
9973432.990487948
10000115.087420741
10022896.814890571
10041753.028796518
10056662.895278534
10067609.926430328
10074582.008583039
10077571.423097003
10076574.859614938
10071593.421747256
10062632.625176568
10049702.388185853
10032817.014631173
10011995.16939715
9987259.846389769
9958638.329137873
9926162.144091109
9889867.006718177
9849792.760525286
9805983.309130143
9758486.541542131
9707354.250814099
9652642.046245743
9594409.259332143
9532718.843664784
9467637.269005198
9399234.409763139
9327583.428123958
9252760.652079597
9174845.448629025
9093920.09242317
9010069.630138218
8923381.740869971
8833946.592848727
8741856.696781464
8647206.756133566
8550093.5146679
8450615.601562774
8348873.374434718
8244968.760593517
8139005.096859978
8031086.968277081
7921320.046045687
7809810.925015649
7696666.961060953
7581996.108666369
7465906.75904891
7348507.579134666
7229907.351706135
7110214.817030505
6989538.516272697
6867986.636991067
6745666.861004971
6622686.214916836
6499150.923561173
6375166.266644703
6250836.438831449
6126264.413515884
6001551.810517186
5876798.767914907
5752103.818236008
5627563.769189346
5503273.589132563
5379326.29744199
5255812.859944205
5132822.0895530395
5010440.552243391
4888752.478478216
4767839.680191641
4647781.473417086
4528654.606634326
4410533.194896352
4293488.65978156
4177589.675203713
4062902.119097115
3949489.0309815737
3837410.575396931
3726724.011184599
3617483.66657909
3509740.920060705
3403544.1869069505
3298938.9113684096
3195967.564382918
3094669.646729804
2995081.6975156567
2897237.3078714013
2801167.139731368
2706898.9495542077
2614457.616837421
2523865.177267602
2435140.8603412807
2348301.1312829545
2263359.737080658
2180327.7564523825
2099213.6535513843
2020023.335213166
1942760.211542008
1867425.2596316412
1794017.0902106352
1722532.017001006
1652964.128575861
1585305.3625010236
1519545.5815440805
1455672.6517345973
1393672.522059027
1333529.3055750544
1275225.3617314775
1218741.3796814855
1164056.4623800865
1111148.2112590394
1059992.8112765423
1010565.1161425555
962838.7335254513
916786.110050173
872378.6159037605
829586.6288693873
788379.6176164477
748726.2240803054
710594.3447721477
673951.2108663939
638763.4669201253
604997.24808672
572618.2556932679
541591.8310594199
511883.027443042
483456.68000642874
456277.4737047208
430310.0090067193
405518.8653663214
381868.6623713546
359324.11850468314
337850.10746083694
317411.71196962264
297974.27508617373
279503.44891506294
261965.24074380452
245326.05656896794
229552.74200548854
214612.62057730334
200473.52939441096
187103.85222852294
174472.55000602096
162549.18874346232
151303.96495692251
140707.7285823866
130732.00344996285
121349.00535989403
112531.6578133748
104253.605455719
96489.22529380045
89213.63575357682
82402.70364721822
76033.04912257276
70082.04867073502
64527.836270029555
59349.30274706328
54526.09343739432
50038.60423001578
45867.976081134926
41996.088083678136
38405.54917964519
35079.68860274928
32002.545138869926
29158.855291580792
26534.04043953735
24114.193071702357
21886.06218538784
19837.037930793987
17955.135584246364
16228.978930599682
14647.78313336574
13201.337169016051
11879.985899619785
10674.611855548786
9576.61679738337
8577.903123449045
7670.855186572447
6848.320580725157
6103.591455198452
5430.385910873957
4822.829530005176
4275.437087746504
3783.094490447852
3341.040982509052
2944.8516603587414
2590.4203289024113
2273.942732593849
1991.900190121628
1741.0436585932111
1518.3782500407933
1321.148220087427
1146.8224456974176
993.0804061102043
857.7986783210422
739.0379558398696
635.0305969316779
544.1687061287583
464.99275050913604
396.1807100617008
336.53775941204043
284.986476264183
240.55757012758997
202.3811232447072
169.67833411549344
141.75375262978574
117.98799456756889
97.83092210861699
80.79527600631542
66.45074422246398
54.418451088639344
44.36585045154755
36.00200577111215
29.073239766913357
23.359135946069376
18.668874189215803
14.837882515287331
11.724787185067283
9.208643431906664
7.1864293197928175
5.57078551770928
4.287984138757046
3.276110216293011
2.4834398709164134
1.8669997550024962
1.391292939112701
1.0271770206036719
0.7508808827297945
0.5431472062893414
0.3884885293149847
0.27454535759438914
0.1915355442543435
0.13178487484899917
0.08932951021089304
0.05958164791158897
0.03905046000445566
0.02511104559276599
0.015814797840661508
0.009735222846969665
0.005843859237011182
0.0034115296862305402
0.001930706558449743
0.001055291505649986
0.0005545917216044479
0.00027872245426769417
0.00013307564448740124
5.9867845314076204e-05
2.511694418899087e-05
9.697089641307986e-06
3.385405187014696e-06
1.0436918190112545e-06
2.748415337894395e-07
5.8882566824127515e-08
9.516763083370832e-09
1.0224611980214476e-09
5.760496338299709e-11
9.992875580854412e-13
9.760597905169464e-16
7.830143608734183e-150
