0.0
0.006289433316067751
0.012578617838741058
0.01886730478446709
0.025155245389375847
0.0314421909191206
0.03772789267871718
0.04401210202238166
0.05029457036336618
0.056575049183792345
0.06285329004448194
0.06912904459478454
0.07540206458240159
0.08167210186320663
0.08793890841106125
0.09420223632762625
0.10046183785216795
0.10671746537135889
0.11296887142907283
0.11921580873617335
0.12545803018029603
0.1316952888356236
0.13792733797265358
0.1441539310679583
0.1503748218139367
0.15658976412855766
0.1627985121650943
0.16900082032184907
0.17519644325186898
0.18138513587265107
0.18756665337583714
0.19374075123689763
0.19990718522480458
0.20606571141169255
0.21221608618250787
0.21835806624464543
0.22449140863757258
0.23061587074244014
0.23673121029167973
0.24283718537858714
0.2489335544668916
0.25502007640031044
0.2610965104120882
0.2671626161345213
0.27321815360846585
0.27926288329283006
0.28529656607404974
0.2913189632755472
0.2973298366671723
0.30332894847462666
0.30931606138886886
0.31529093857550244
0.32125334368414366
0.3272030408577716
0.33313979474205757
0.33906337049467516
0.34497353379459045
0.3508700508513305
0.3567526884142317
0.3626212137816669
0.3684753948102499
0.37431499992401884
0.38013979812359666
0.3859495589953287
0.3917440527203973
0.3975230500839129
0.4032863224839812
0.4090336419407459
0.41476478110540693
0.4204795132692143
0.4261776123724353
0.4318588530132973
0.4375230104569043
0.4431698606441261
0.4487991802004621
0.4544107464448774
0.46000433739861096
0.46557973179395706
0.4711367090830178
0.47667504944642736
0.4821945338020477
0.4876949438136345
0.4931760618994744
0.49863767124099145
0.5040795557913246
0.5095015002838732
0.5149032902408126
0.5202847119815789
0.5256455526313207
0.5309856001293203
0.5363046432373824
0.54160247154819
0.5468788754936273
0.5521336463530702
0.5573665762616421
0.5625774582184371
0.5677660860947078
0.5729322546420199
0.5780757595003707
0.5831963972062733
0.588293965200805
0.5933682618376204
0.5984190863909268
0.6034462390634261
0.608449520994217
0.6134287342666618
0.6183836819162153
0.6233141679382166
0.6282199972956423
0.6331009759268212
0.6379569107531118
0.6427876096865393
0.647592881637394
0.652372536521791
0.6571263852691885
0.661854239829868
0.666555913182372
0.6712312193409027
0.675879973362679
0.6805019913552524
0.6850970904837809
0.6896650889782618
0.6942058061407225
0.6987190623523674
0.7032046790806838
0.7076624788865044
0.7120922854310253
0.7164939234827832
0.720867218924585
0.7252119987603972
0.7295280911221884
0.7338153252767277
0.7380735316323389
0.7423025417456093
0.7465021883280519
0.7506723052527243
0.7548127275607988
0.7589232914680888
0.7630038343715273
0.7670541948555987
0.7710742126987247
0.7750637288796015
0.7790225855834911
0.7829506262084631
0.7868476953715899
0.7907136389150937
0.7945483039124437
0.7983515386744059
0.8021231927550437
0.8058631169576691
0.809571163340744
0.8132471852237328
0.8168910371929053
0.8205025751070875
0.8240816561033644
0.8276281386027311
0.8311418823156935
0.8346227482478172
0.8380705987052264
0.8414852973000502
0.8448667089558177
0.8482146999128022
0.8515291377333112
0.8548098913069259
0.8580568308556875
0.8612698279392308
0.8644487554598649
0.8675934876676012
0.8707039001651274
0.8737798699127284
0.8768212752331536
0.8798279958164293
0.8827999127246196
0.8857369083965293
0.8886388666523558
0.8915056726982838
0.8943372131310272
0.897133375942314
0.8998940505233182
0.902619127669034
0.9053084995825966
0.9079620598795461
0.9105797035920355
0.9131613271729833
0.9157068285001692
0.918216106880274
0.920689063052863
0.9231255991943123
0.9255256189216778
0.9278890272965093
0.9302157308286042
0.9325056374797074
0.934758656667151
0.936974699267438
0.9391536776197676
0.9412955055295031
0.9434000982715812
0.9454673725938634
0.9474972467204298
0.9494896403548133
0.9514444746831766
0.9533616723774293
0.9552411575982869
0.9570828559982708
0.9588866947246497
0.960652602422321
0.9623805092366334
0.9640703468161506
0.9657220483153546
0.9673355483972902
0.9689107832361495
0.970447690519797
0.9719462094522335
0.9734062807560027
0.9748278466745341
0.9762108509744296
0.9775552389476861
0.9788609574138615
0.9801279547221765
0.9813561807535595
0.9825455869226277
0.9836961261796101
0.984807753012208
0.9858804234473958
0.98691409505316
0.9879087269401781
0.9888642797634357
0.9897807157237835
0.9906579985694317
0.9914960935973848
0.9922949676548136
0.9930545891403677
0.9937749280054242
0.9944559557552776
0.995097645450266
0.9956999717068377
0.9962629106985543
0.9967864401570342
0.9972705393728327
0.9977151891962615
0.9981203720381463
0.9984860718705224
0.9988122742272691
0.9990989662046814
0.9993461364619809
0.9995537752217638
0.9997218742703887
0.9998504269583004
0.9999394282002937
0.999988874475714
0.9999987638285974
0.9999690958677468
0.9998998717667489
0.9997910942639262
0.9996427676622299
0.9994548978290693
0.9992274921960794
0.9989605597588275
0.9986541110764565
0.9983081582712682
0.9979227150282433
0.9974977965944997
0.9970334197786902
0.9965296029503368
0.9959863660391044
0.9954037305340125
0.9947817194825853
0.9941203574899393
0.9934196707178107
0.9926796868835203
0.991900435258877
0.9910819466690197
0.9902242534911986
0.9893273896534935
0.9883913906334728
0.9874162934567889
0.9864021366957146
0.9853489604676166
0.9842568064333687
0.9831257177957042
0.9819557392975067
0.9807469172200397
0.9794992993811165
0.9782129351332085
0.9768878753614926
0.9755241724818388
0.9741218804387363
0.9726810547031601
0.9712017522703763
0.9696840316576877
0.9681279529021188
0.9665335775580415
0.9649009686947391
0.9632301908939126
0.9615213102471255
0.9597743943531891
0.9579895123154889
0.9561667347392511
0.9543061337287488
0.9524077828844515
0.9504717573001116
0.9484981335597953
0.9464869897348526
0.944438405380829
0.9423524615343186
0.940229240709759
0.9380688268961659
0.9358713055538121
0.9336367636108462
0.9313652894598543
0.9290569729543628
0.926711905405285
0.9243301795773085
0.9219118896852252
0.9194571313902055
0.9169660017960135
0.9144385994451658
0.9118750243150338
0.9092753778138886
0.9066397627768894
0.9039682834620162
0.9012610455459448
0.8985181561198674
0.8957397236852556
0.8929258581495686
0.8900766708219061
0.8871922744086043
0.8842727830087778
0.881318312109807
0.8783289785827687
0.8753049006778131
0.8722461980194863
0.869152991601999
0.8660254037844387
0.8628635582859312
0.8596675801807454
0.856437595893346
0.853173733193393
0.8498761211906867
0.8465448903300608
0.8431801723862224
0.8397821004585397
0.8363508089657762
0.8328864336407735
0.8293891115250829
0.8258589809635433
0.8222961815988096
0.8187008543658283
0.8150731414862624
0.811413186462866
0.8077211340738071
0.8039971303669408
0.800241322654032
0.7964538595049291
0.7926348907416848
0.7887845674326315
0.7849030418864046
0.7809904676459176
0.7770469994822886
0.7730727933887178
0.769068006574317
0.7650327974578902
0.7609673256616678
0.756871752004992
0.7527462384979551
0.7485909483349906
0.744406045888419
0.7401916967019436
0.7359480674841035
0.7316753261016785
0.7273736415730488
0.7230431840615095
0.7186841248685385
0.7142966364270211
0.7098808922944289
0.7054370671459533
0.7009653367675978
0.6964658780492221
0.6919388689775462
0.6873844886291103
0.6828029171631891
0.6781943358146665
0.673558926886866
0.6688968737443397
0.6642083608056142
0.6594935735358961
0.6547526984397353
0.649985923053647
0.6451934359386937
0.6403754266730263
0.6355320858443845
0.6306636050425573
0.6257701768518059
0.6208519948432437
0.6159092535671797
0.6109421485454231
0.6059508762635484
0.6009356341631231
0.5958966206338979
0.5908340350059583
0.5857480775418397
0.5806389494286058
0.5755068527698903
0.5703519905779018
0.5651745667653928
0.5599747861375954
0.5547528543841173
0.5495089780708062
0.5442433646315792
0.5389562223602167
0.5336477604021226
0.5283181887460517
0.5229677182158028
0.5175965604618787
0.5122049279531147
0.5067930339682729
0.5013610925876063
0.49590931868438953
0.4904379279164206
0.4849471367174879
0.47943716228880995
0.47390822259044335
0.4683605363326608
0.4627943229672993
0.4572098026790794
0.4516071963768954
0.44598672568507636
0.44034861293461974
0.4346930811543961
0.4290203540623265
0.4233306560565345
0.41762421220646706
0.4119012482439928
0.4061619905544726
0.40040666616780407
0.3946355027494411
0.3888487285913878
0.38304657260316805
0.37722926430277026
0.3713970338075685
0.36555011182521946
0.3596887296445362
0.3538131191263388
0.347923512694284
0.3420201433256689
0.33610324454221624
0.330173050400837
0.3242297954843712
0.3182737148923088
0.3123050442314898
0.3063240196067838
0.30033087761175087
0.29432585531928224
0.2883091902722223
0.2822811204739722
0.2762418843790745
0.27019172088378224
0.26413086931660645
0.25805956942885044
0.2519780613851254
0.24588658575385056
0.2397853834977363
0.23367469596425278
0.22755476487608275
0.22142583232155955
0.21528814074509078
0.20914193293756786
0.20298745202676186
0.19682494146770554
0.1906546450330647
0.18447680680349254
0.17829167115797617
0.17209948276416928
0.16590048656871365
0.15969492778754976
0.15348305189621664
0.14726510462014156
0.14104133192491974
0.1348119800065847
0.12857729528186918
0.12233752437845731
0.11609291412523036
0.10984371154250018
0.10359016383223951
0.09733251836830287
0.09107102268664109
0.0848059244755095
0.07853747156566997
0.07226591192058739
0.06599149362662092
0.05971446488321034
0.05343507399305791
0.04715356935230619
0.04087019944071169
0.034585212811817465
0.028298858083118276
0.022011383926227784
0.015723039057041255
0.009434072225897046
0.0031447322077366876
-0.0031447322077359985
-0.009434072225896357
-0.015723039057040564
-0.022011383926227094
-0.02829885808311759
-0.03458521281181678
-0.04087019944071145
-0.047153569352305504
-0.053435073993057226
-0.05971446488320965
-0.06599149362662023
-0.07226591192058669
-0.07853747156566927
-0.08480592447550882
-0.09107102268664041
-0.09733251836830219
-0.10359016383223883
-0.1098437115424995
-0.11609291412522968
-0.12233752437845706
-0.12857729528186848
-0.134811980006584
-0.14104133192491908
-0.14726510462014086
-0.15348305189621594
-0.15969492778754907
-0.16590048656871298
-0.17209948276416862
-0.1782916711579755
-0.18447680680349185
-0.19065464503306404
-0.19682494146770485
-0.20298745202676116
-0.20914193293756717
-0.2152881407450901
-0.22142583232155888
-0.2275547648760821
-0.2336746959642521
-0.23978538349773562
-0.2458865857538499
-0.25197806138512474
-0.2580595694288498
-0.2641308693166058
-0.27019172088378157
-0.2762418843790738
-0.2822811204739715
-0.2883091902722216
-0.29432585531928157
-0.3003308776117502
-0.3063240196067831
-0.31230504423148914
-0.3182737148923082
-0.32422979548437053
-0.33017305040083633
-0.33610324454221563
-0.3420201433256682
-0.34792351269428334
-0.35381311912633856
-0.3596887296445355
-0.3655501118252188
-0.3713970338075679
-0.37722926430276965
-0.3830465726031674
-0.38884872859138714
-0.3946355027494405
-0.40040666616780346
-0.406161990554472
-0.4119012482439922
-0.41762421220646645
-0.4233306560565339
-0.4290203540623263
-0.4346930811543954
-0.44034861293461913
-0.44598672568507575
-0.4516071963768948
-0.4572098026790788
-0.46279432296729867
-0.46836053633266017
-0.47390822259044274
-0.47943716228880934
-0.4849471367174873
-0.49043792791642005
-0.4959093186843889
-0.5013610925876058
-0.5067930339682724
-0.5122049279531141
-0.5175965604618782
-0.5229677182158021
-0.5283181887460511
-0.5336477604021219
-0.538956222360216
-0.5442433646315786
-0.5495089780708056
-0.5547528543841167
-0.5599747861375949
-0.5651745667653922
-0.5703519905779012
-0.5755068527698898
-0.5806389494286053
-0.5857480775418391
-0.5908340350059578
-0.5958966206338974
-0.6009356341631226
-0.6059508762635478
-0.6109421485454225
-0.6159092535671792
-0.6208519948432432
-0.6257701768518055
-0.630663605042557
-0.6355320858443839
-0.6403754266730258
-0.6451934359386932
-0.6499859230536464
-0.6547526984397347
-0.6594935735358957
-0.6642083608056137
-0.6688968737443391
-0.6735589268868655
-0.6781943358146659
-0.6828029171631886
-0.6873844886291098
-0.6919388689775461
-0.6964658780492216
-0.7009653367675972
-0.7054370671459529
-0.7098808922944283
-0.7142966364270207
-0.718684124868538
-0.723043184061509
-0.7273736415730484
-0.731675326101678
-0.735948067484103
-0.7401916967019432
-0.7444060458884185
-0.7485909483349905
-0.7527462384979546
-0.7568717520049916
-0.760967325661667
-0.7650327974578897
-0.7690680065743162
-0.7730727933887175
-0.7770469994822885
-0.7809904676459172
-0.7849030418864044
-0.788784567432631
-0.7926348907416847
-0.7964538595049286
-0.8002413226540319
-0.8039971303669401
-0.8077211340738066
-0.8114131864628653
-0.815073141486262
-0.8187008543658276
-0.8222961815988091
-0.8258589809635432
-0.8293891115250824
-0.8328864336407734
-0.8363508089657758
-0.8397821004585396
-0.843180172386222
-0.8465448903300604
-0.849876121190686
-0.8531737331933926
-0.8564375958933454
-0.8596675801807451
-0.8628635582859306
-0.8660254037844385
-0.8691529916019989
-0.872246198019486
-0.8753049006778129
-0.8783289785827684
-0.8813183121098069
-0.8842727830087774
-0.8871922744086039
-0.8900766708219056
-0.8929258581495684
-0.895739723685255
-0.8985181561198671
-0.9012610455459443
-0.9039682834620159
-0.9066397627768893
-0.9092753778138882
-0.9118750243150336
-0.9144385994451655
-0.9169660017960133
-0.9194571313902051
-0.921911889685225
-0.9243301795773081
-0.9267119054052849
-0.9290569729543624
-0.931365289459854
-0.9336367636108458
-0.9358713055538118
-0.9380688268961658
-0.9402292407097588
-0.9423524615343186
-0.9444384053808287
-0.9464869897348523
-0.948498133559795
-0.9504717573001115
-0.9524077828844512
-0.9543061337287487
-0.9561667347392507
-0.9579895123154888
-0.959774394353189
-0.9615213102471253
-0.9632301908939126
-0.9649009686947388
-0.9665335775580413
-0.9681279529021186
-0.9696840316576876
-0.9712017522703761
-0.97268105470316
-0.974121880438736
-0.9755241724818386
-0.9768878753614924
-0.9782129351332083
-0.9794992993811165
-0.9807469172200395
-0.9819557392975067
-0.9831257177957041
-0.9842568064333687
-0.9853489604676163
-0.9864021366957145
-0.9874162934567888
-0.9883913906334727
-0.9893273896534934
-0.9902242534911985
-0.9910819466690195
-0.9919004352588768
-0.9926796868835203
-0.9934196707178107
-0.9941203574899392
-0.9947817194825852
-0.9954037305340125
-0.9959863660391043
-0.9965296029503367
-0.9970334197786901
-0.9974977965944997
-0.9979227150282431
-0.9983081582712682
-0.9986541110764564
-0.9989605597588274
-0.9992274921960794
-0.9994548978290693
-0.9996427676622299
-0.9997910942639261
-0.9998998717667489
-0.9999690958677468
-0.9999987638285974
-0.999988874475714
-0.9999394282002937
-0.9998504269583004
-0.9997218742703887
-0.9995537752217639
-0.9993461364619809
-0.9990989662046815
-0.9988122742272691
-0.9984860718705224
-0.9981203720381463
-0.9977151891962615
-0.9972705393728327
-0.9967864401570343
-0.9962629106985544
-0.9956999717068378
-0.9950976454502661
-0.9944559557552776
-0.9937749280054243
-0.9930545891403677
-0.9922949676548137
-0.9914960935973849
-0.9906579985694317
-0.9897807157237836
-0.9888642797634357
-0.9879087269401782
-0.9869140950531601
-0.9858804234473959
-0.9848077530122081
-0.9836961261796103
-0.9825455869226278
-0.9813561807535597
-0.9801279547221767
-0.9788609574138615
-0.9775552389476864
-0.9762108509744296
-0.9748278466745344
-0.9734062807560028
-0.9719462094522338
-0.9704476905197971
-0.9689107832361498
-0.9673355483972903
-0.9657220483153549
-0.9640703468161508
-0.9623805092366338
-0.9606526024223212
-0.9588866947246498
-0.957082855998271
-0.9552411575982869
-0.9533616723774295
-0.9514444746831767
-0.9494896403548136
-0.9474972467204299
-0.9454673725938637
-0.9434000982715813
-0.9412955055295036
-0.939153677619768
-0.9369746992674384
-0.9347586566671512
-0.9325056374797075
-0.9302157308286045
-0.9278890272965095
-0.9255256189216783
-0.9231255991943125
-0.9206890630528635
-0.9182161068802742
-0.9157068285001695
-0.9131613271729835
-0.910579703592036
-0.9079620598795464
-0.9053084995825971
-0.9026191276690343
-0.8998940505233183
-0.8971333759423143
-0.8943372131310273
-0.8915056726982843
-0.888638866652356
-0.8857369083965297
-0.8827999127246198
-0.8798279958164298
-0.8768212752331538
-0.8737798699127289
-0.8707039001651278
-0.8675934876676018
-0.8644487554598652
-0.8612698279392309
-0.8580568308556878
-0.8548098913069261
-0.8515291377333116
-0.8482146999128025
-0.8448667089558183
-0.8414852973000504
-0.8380705987052269
-0.8346227482478176
-0.8311418823156941
-0.8276281386027314
-0.8240816561033645
-0.8205025751070878
-0.8168910371929055
-0.8132471852237333
-0.8095711633407442
-0.8058631169576695
-0.802123192755044
-0.7983515386744063
-0.7945483039124439
-0.7907136389150943
-0.7868476953715903
-0.7829506262084637
-0.7790225855834916
-0.7750637288796017
-0.7710742126987251
-0.7670541948555989
-0.7630038343715277
-0.7589232914680891
-0.7548127275607994
-0.7506723052527245
-0.7465021883280526
-0.7423025417456096
-0.7380735316323396
-0.733815325276728
-0.7295280911221891
-0.7252119987603978
-0.7208672189245852
-0.7164939234827836
-0.7120922854310257
-0.7076624788865049
-0.7032046790806841
-0.698719062352368
-0.6942058061407228
-0.6896650889782625
-0.6850970904837812
-0.680501991355253
-0.6758799733626795
-0.6712312193409035
-0.6665559131823724
-0.6618542398298681
-0.6571263852691891
-0.6523725365217912
-0.6475928816373946
-0.6427876096865396
-0.6379569107531126
-0.6331009759268216
-0.628219997295643
-0.623314167938217
-0.6183836819162161
-0.6134287342666622
-0.6084495209942179
-0.6034462390634266
-0.598419086390927
-0.5933682618376209
-0.5882939652008053
-0.5831963972062739
-0.578075759500371
-0.5729322546420206
-0.5677660860947081
-0.5625774582184379
-0.5573665762616425
-0.552133646353071
-0.5468788754936279
-0.5416024715481909
-0.536304643237383
-0.5309856001293205
-0.5256455526313213
-0.5202847119815792
-0.5149032902408133
-0.5095015002838734
-0.5040795557913254
-0.49863767124099184
-0.49317606189947516
-0.487694943813635
-0.4821945338020486
-0.4766750494464279
-0.4711367090830188
-0.4655797317939577
-0.4600043373986112
-0.45441074644487806
-0.44879918020046244
-0.4431698606441268
-0.4375230104569046
-0.4318588530132981
-0.4261776123724357
-0.4204795132692152
-0.4147647811054075
-0.4090336419407468
-0.4032863224839818
-0.3975230500839139
-0.3917440527203979
-0.38594955899532896
-0.3801397981235974
-0.3743149999240192
-0.36847539481025066
-0.3626212137816673
-0.3567526884142326
-0.35087005085133094
-0.3449735337945914
-0.3390633704946757
-0.3331397947420585
-0.3272030408577722
-0.3212533436841447
-0.3152909385755031
-0.30931606138886913
-0.3033289484746273
-0.2973298366671726
-0.29131896327554796
-0.2852965660740502
-0.2792628832928309
-0.2732181536084663
-0.26716261613452225
-0.26109651041208876
-0.25502007640031144
-0.24893355446689222
-0.24283718537858734
-0.23673121029168043
-0.23061587074244044
-0.22449140863757333
-0.21835806624464577
-0.2122160861825087
-0.20606571141169297
-0.19990718522480547
-0.19374075123689813
-0.18756665337583808
-0.18138513587265162
-0.17519644325187
-0.16900082032184968
-0.16279851216509456
-0.15658976412855838
-0.150374821813937
-0.14415393106795907
-0.13792733797265394
-0.13169528883562445
-0.12545803018029647
-0.11921580873617425
-0.11296887142907333
-0.10671746537135987
-0.10046183785216851
-0.0942022363276273
-0.08793890841106189
-0.08167210186320688
-0.0754020645824023
-0.06912904459478485
-0.06285329004448273
-0.056575049183792726
-0.05029457036336704
-0.04401210202238211
-0.0377278926787181
-0.031442190919121114
-0.02515524538937684
-0.018867304784467676
-0.012578617838742121
-0.006289433316068405
-2.4492935982947064e-16
