0.0
5.856358743095592e-15
5.995725348507582e-12
3.4562978029787537e-10
6.1347671881262676e-09
5.7100578500215645e-08
3.5329540094467886e-07
1.6490492027364712e-06
6.262150914066451e-06
2.03124311220868e-05
5.8182537847840605e-05
0.00015070166513393861
0.0003592070718844234
0.0007984538669243829
0.0016723347256060435
0.00332755032962632
0.00633174903389956
0.011584239350697393
0.020469178117382334
0.035063155422064445
0.05841133708181593
0.09488878704396293
0.15066627355659198
0.23430276002672135
0.35748988746952665
0.5359770612653333
0.7907092490939834
1.1492132655260192
1.6472721455662382
2.330931175889837
3.2588832377358843
4.505285296378655
6.163062123621755
8.347757634676041
11.20199853001454
14.900639225498255
19.65666129775741
25.727904832541938
33.42471310625471
43.11857591875658
55.25186059143862
70.34872311040097
89.02729509172211
112.01324513529087
140.15481567641407
174.43943860147502
216.01203462666962
266.1951027092782
326.5107065318325
398.7044653347751
484.7716560378884
586.9855326516894
707.9279674053903
850.5225157786987
1018.0700046929318
1214.2867394682232
1443.3454207655004
1709.9188575850765
2019.2265564721922
2377.084260370178
2789.9565030547587
3265.012236772523
3810.1835815899967
4434.22773503919
5146.792069926176
5958.482436661074
6880.934674184413
7926.889320524383
9110.269500244634
10446.26195155904
11951.40114072966
13643.656395562828
15542.521973414348
17669.109962152168
20046.24589505415
22698.56694268677
25652.62252647892
28936.97718003067
32582.315465243042
36621.548731190276
41089.92348435022
46025.13111943418
51467.418740693465
57459.70078429977
64047.671133291755
71279.91539771839
79208.02301409529
87886.69880019393
97373.8735835971
107730.81350547771
119022.22758476244
131316.3731123249
144685.1584302127
159204.24263722153
174953.1317494834
192015.27083321693
210478.13161649453
230433.29507786845
251976.5285020675
275207.8564868063
300231.62538009294
327156.5606243628
356095.81648237817
387167.0176201737
420492.2920244039
456198.2947354331
494416.2218833032
535281.8145214572
578935.351762795
625521.6327343107
675189.9468802409
728094.0321593605
784392.0206997708
844246.3714943167
907823.7897415279
975295.1324607728
1046835.3000361191
1122623.1133711247
1202841.1763664582
1287675.7234638077
1377316.452032925
1471956.3394137933
1571791.4444628197
1677020.6934903613
1787845.650517037
1904470.271817721
2027100.6447650117
2155944.711028085
2291211.974228125
2433113.19219791
2581860.0540402927
2737664.842228312
2900740.0800385466
3071298.164658238
3249550.98635649
3435709.534159597
3629983.4885202902
3832580.8015207318
4043707.2651983397
4263566.068632872
4492357.344481809
4730277.705698674
4977519.773216294
5234271.695422527
5500716.660301012
5777032.4011526685
6063390.696855315
6359956.867659217
6666889.267554211
6984338.774280478
7312448.278088896
7651352.170388824
8001175.83345032
8362035.1323541235
8734035.910407575
9117273.489264451
9511832.175006077
9917784.77145512
10335192.102005964
10764102.541263781
11204551.557789778
11656561.269251995
12120140.011278935
12595281.921308268
13081966.538714234
13580158.422483936
14089806.787697675
14610845.162047595
15143191.063605554
15686745.701024426
16241393.697325207
16807002.83838813
17383423.847228374
17970490.185093835
18568017.880378783
19175805.386297412
19793633.46821044
20421265.12144163
21058445.520364203
21704901.999474447
22360344.067107484
23024463.452381536
23696934.185889315
24377412.71458263
25065538.05122218
25760931.95868931
26463199.16937799
27171927.63980589
27886688.84050239
28607038.08114982
29332514.870869186
30062643.31346033
30796932.53731815
31534877.159665115
32275957.784651827
33019641.53479522
33765382.615136035
34512622.909415945
35260792.6074894
36009310.863103
36757586.48109528
37505018.632988594
38250997.599868216
38994905.54136694
39736117.28950095
40474001.16602974
41207919.82194627
41937231.09763609
42661288.9021829
43379444.11023678
44091045.47480792
44795440.55429338
45491976.65199807
46180001.766365655
46858865.55009378
47527920.27627413
48186521.8096624
48834030.58115987
49469812.56356103
50093240.246608205
50703693.609376565
51300561.088007286
51883240.536801346
52451140.180688694
53003679.5570923
53540290.445219815
54060417.78082931
54563520.55453899
55049072.691774145
55516563.91247754
55965500.568743624
56395406.45857884
56805823.61403111
57196313.0619887
57566455.5559928
57915852.27747439
58244125.50488456
58550919.24925272
58835899.85478087
59098756.56315172
59339202.04030906
59556972.86454665
59751829.974827245
59923559.078338586
60071971.01638289
60196902.087786995
60298214.329115115
60375795.7510594
60429560.53048353
60459449.15768963
60465428.53858201
60447492.051498234
60405659.55858197
60339977.371671274
60250518.172779106
60137380.889343426
60000690.52452444
59840597.942927785
59657279.61223098
59450937.301288195
59221797.735384874
58970112.20940702
58696156.159785755
58400228.69616331
58082652.09381867
57743771.247972526
57383953.091175966
57003585.97506464
56603079.01783525
56182861.41887561
55743381.74204375
55285107.16915967
54808522.72533179
54314130.47779514
53802448.709992595
53274011.07267442
52729365.71383796
52169074.38936235
51593711.55623147
51003863.45026214
50400127.15028103
49783109.630711146
49153426.804542564
48511702.558670625
47858567.78358812
47194659.3994186
46520619.3802686
45837093.7788693
45144731.75345872
44444184.59883872
43736104.78351247
43021144.994780734
42299957.19364038
41573191.68129029
40841496.17900655
40105514.92310314
39365887.77664368
38623249.35951512
37878228.198416114
37131445.89825394
36383516.33637602
35635044.88099859
34886627.635122485
34138850.70715458
33392289.50937865
32647508.085342538
31905058.46714853
31165480.063556187
30429299.079721905
29697027.969318777
28969164.919695403
28246193.370648175
27528581.567296498
26816782.14746444
26111231.763888877
25412350.741487183
24720542.769834295
24036194.630915478
23359675.962136947
22691339.05449653
22031518.685735036
21380531.988210823
20738678.351163242
20106239.356954806
19483478.750810537
18870642.443500888
18267958.546347473
17675637.437865276
17093871.861292336
16522837.052197728
15962690.89530292
15413574.10959717
14875610.460777987
14348907.00000001
13833554.32787356
13329626.882612307
12837183.251194844
12356266.50237121
11886904.540316366
11429110.477707434
10982883.026979892
10548206.908499207
10125053.274370667
9713380.14659909
9313132.86830331
8924244.566686245
8546636.626462236
8180219.1724459445
7824891.56001471
7480542.872166229
7147052.421906674
6824290.258721323
6512117.677899236
6210387.731505918
5918945.739823235
5637629.802104212
5366271.305520258
5104695.43121162
4852721.656386915
4610164.251454824
4376832.771210078
4152532.539137009
3937065.12393634
3730228.8074250408
3531819.043004245
3341628.9039369402
3159449.520724359
2985070.5069182655
2818280.3727554227
2658866.926049678
2506617.6598267793
2361320.1262371354
2222762.296331237
2090732.9053324277
1965021.7830909758
1845420.1694523792
1731721.014321243
1623719.2622496323
1521212.121425724
1423999.3169842958
1331883.3286053007
1244669.6124104492
1162166.807209745
1084186.9251907766
1010545.527182876
941061.8826659077
875559.1147294764
813864.3302226384
755808.7353666645
701227.737134035
649961.03072554
601852.6735041487
556751.1457691317
514509.3987765997
474984.8904335588
438039.6091111946
403540.086039861
371357.3967629428
341367.15213943704
313449.4793957504
287488.9937359631
263374.7610265606
241000.25207651057
220263.28903659
201065.9844430779
183314.6734303989
166919.83963503677
151796.03530923597
137861.79615752382
125039.5514022143
113255.52957570775
102439.66052774778
92525.4741248683
83449.99610717918
75153.64155445732
67580.10639933213
60676.25741026418
54392.02105110055
48680.27160734437
43496.71895197472
38799.79630581602
34550.54832912522
30712.519862373905
27251.645615206515
24136.14108335438
21336.394953950916
18824.863240316598
16575.965367932065
14565.982414072787
12772.95768451206
11176.5997918772
9758.188381730017
8500.48263430881
7387.632652156493
6405.093826638741
5539.54425966664
4778.805300830464
4111.765244665652
3528.3062179462754
3019.2342727687633
2576.212687777654
2191.698467220925
1858.882015624592
1571.6299547610813
1324.431039264691
1112.3451177291026
930.9550774076931
776.3217027294779
644.941370736059
533.7065002306758
439.8686658981982
361.0042838896466
294.9827713490091
239.93707907284616
194.23649391086616
156.46160561225145
125.38133156951673
99.93189227849196
79.19763028732994
62.393565914862236
48.849584043942436
37.996147801686895
29.351436888240006
22.50981067043424
17.131498877719526
12.933425785931856
9.681077110821903
7.181322418939685
5.276109660081396
3.8369523953067213
2.760134400629886
1.962560533032144
1.3781870177904096
0.9549686210471722
0.6522644773683757
0.4386486187750197
0.2900754712480311
0.18835472081146817
0.11989397987918958
0.0746715836461143
0.04540559619609465
0.02688868926390577
0.015461958158080097
0.008603946536396482
0.004614154239632909
0.0023730923492743285
0.0011635215508208794
0.000539860631933365
0.00023488072446325772
9.470918189241484e-05
3.4858440375703816e-05
1.1475633110860913e-05
3.2859294292681567e-06
7.86285150750585e-07
1.4805293707107942e-07
1.9915976992613602e-08
1.6143064901642963e-09
5.583126091365648e-11
3.3767932577794175e-13
5.7193831341076354e-18
5.719383134095106e-18
3.376793257776953e-13
5.5831260913632005e-11
1.6143064901637893e-09
1.9915976992608774e-08
1.4805293707105e-07
7.862851507505389e-07
3.2859294292676803e-06
1.1475633110859438e-05
3.4858440375699784e-05
9.47091818924048e-05
0.000234880724463235
0.0005398606319333173
0.0011635215508207864
0.0023730923492741515
0.004614154239632586
0.008603946536395912
0.01546195815807914
0.026888689263904177
0.0454055961960937
0.0746715836461103
0.1198939798791835
0.18835472081145918
0.2900754712480175
0.4386486187749996
0.652264477368347
0.954968621047134
1.3781870177903552
1.9625605330320695
2.7601344006297834
3.8369523953065867
5.276109660081211
7.181322418939439
9.681077110821589
12.933425785931444
17.131498877718997
22.509810670433573
29.351436888239153
37.99614780168585
48.84958404394115
62.39356591486058
79.19763028732781
99.93189227848941
125.3813315695136
156.46160561224758
194.2364939108615
239.9370790728405
294.9827713490024
361.00428388963843
439.8686658981884
533.7065002306645
644.9413707360466
776.3217027294627
930.9550774076736
1112.3451177290826
1324.431039264665
1571.6299547610513
1858.8820156245815
2191.698467220886
2576.2126877776077
3019.234272768713
3528.306217946218
4111.76524466558
4778.805300830384
5539.544259666555
6405.093826638644
7387.632652156382
8500.48263430868
9758.188381729875
11176.599791877037
12772.957684512003
14565.982414072558
16575.96536793184
18824.863240316336
21336.394953950617
24136.141083354058
27251.64561520615
30712.519862373494
34550.54832912477
38799.79630581551
43496.718951974166
48680.27160734383
54392.021051099844
60676.25741026353
67580.10639933142
75153.64155445654
83449.99610717826
92525.4741248671
102439.66052774648
113255.52957570631
125039.5514022128
137861.79615752236
151796.03530923426
166919.8396350351
183314.673430397
201065.984443076
220263.28903658764
241000.2520765083
263374.7610265581
287488.99373596004
313449.4793957476
341367.15213943407
371357.39676293975
403540.08603985736
438039.6091111907
474984.8904335546
514509.39877659484
556751.1457691278
601852.6735041466
649961.0307255342
701227.7371340304
755808.7353666578
813864.3302226319
875559.1147294694
941061.8826659012
1010545.5271828694
1084186.9251907675
1162166.8072097355
1244669.6124104394
1331883.3286052914
1423999.3169842872
1521212.1214257223
1623719.2622496206
1731721.014321227
1845420.169452366
1965021.7830909616
2090732.9053324147
2222762.2963312245
2361320.126237121
2506617.659826764
2658866.926049659
2818280.3727554083
2985070.506918247
3159449.520724341
3341628.903936934
3531819.0430042264
3730228.807425018
3937065.123936301
4152532.53913698
4376832.771210035
4610164.251454803
4852721.656386906
5104695.43121159
5366271.305520243
5637629.802104181
5918945.739823229
6210387.731505888
6512117.677899226
6824290.258721267
7147052.421906631
7480542.872166167
7824891.56001467
8180219.1724458765
8546636.62646219
8924244.566686232
9313132.868303252
9713380.146599079
10125053.274370622
10548206.908499196
10982883.026979828
11429110.47770738
11886904.54031627
12356266.502371164
12837183.251194755
13329626.882612254
13833554.327873467
14348906.999999976
14875610.460777963
15413574.109597113
15962690.89530288
16522837.05219767
17093871.861292318
17675637.437865198
18267958.54634741
18870642.443500776
19483478.75081048
20106239.356954683
20738678.35116316
21380531.988210723
22031518.685734957
22691339.054496497
23359675.962136872
24036194.630915437
24720542.769834206
25412350.741487127
26111231.76388878
26816782.14746437
27528581.567296393
28246193.37064813
28969164.919695247
29697027.96931867
30429299.079721745
31165480.063556086
31905058.467148483
32647508.085342452
33392289.50937865
34138850.707154445
34886627.635122396
35635044.88099846
36383516.336375974
37131445.898253806
37878228.19841607
38623249.35951498
39365887.77664363
40105514.92310307
40841496.17900646
41573191.68129029
42299957.19364026
43021144.99478062
43736104.78351237
44444184.5988387
45144731.753458604
45837093.77886925
46520619.38026853
47194659.39941857
47858567.78358799
48511702.558670536
49153426.804542564
49783109.63071104
50400127.15028103
51003863.450262114
51593711.55623147
52169074.38936224
52729365.713837884
53274011.07267437
53802448.709992506
54314130.47779512
54808522.72533171
55285107.16915954
55743381.74204368
56182861.41887561
56603079.01783525
57003585.97506456
57383953.091175914
57743771.247972526
58082652.09381861
58400228.69616328
58696156.159785666
58970112.20940702
59221797.73538481
59450937.301288195
59657279.6122309
59840597.94292769
60000690.52452444
60137380.889343426
60250518.172779106
60339977.37167121
60405659.55858197
60447492.051498234
60465428.53858201
60459449.15768963
60429560.53048353
60375795.7510594
60298214.329115115
60196902.08778704
60071971.01638289
59923559.078338616
59751829.974827245
59556972.86454665
59339202.04030906
59098756.56315172
58835899.85478087
58550919.24925278
58244125.504884586
57915852.27747445
57566455.55599286
57196313.0619887
56805823.61403118
56395406.45857884
55965500.56874375
55516563.91247758
55049072.691774145
54563520.554539025
54060417.78082931
53540290.44521982
53003679.55709236
52451140.18068878
51883240.53680139
51300561.0880074
50703693.60937665
50093240.24660831
49469812.563561104
48834030.58115987
48186521.80966248
47527920.27627413
46858865.5500939
46180001.76636572
45491976.651998214
44795440.55429346
44091045.474808
43379444.11023681
42661288.90218303
41937231.09763618
41207919.821946405
40474001.166029826
39736117.28950101
38994905.54136703
38250997.599868216
37505018.63298869
36757586.48109531
36009310.863103114
35260792.607489444
34512622.90941605
33765382.61513607
33019641.534795377
32275957.78465194
31534877.15966523
30796932.537318237
30062643.313460343
29332514.870869294
28607038.081149843
27886688.84050251
27171927.639805958
26463199.16937811
25760931.95868936
25065538.05122228
24377412.71458269
23696934.18588944
23024463.45238159
22360344.06710759
21704901.99947454
21058445.52036423
20421265.1214417
19793633.46821046
19175805.38629751
18568017.880378824
17970490.18509394
17383423.847228408
16807002.83838821
16241393.697325248
15686745.701024527
15143191.063605612
14610845.162047684
14089806.787697729
13580158.422483947
13081966.538714293
12595281.921308307
12120140.011278996
11656561.269252049
11204551.557789847
10764102.541263811
10335192.102006037
9917784.771455167
9511832.175006142
9117273.489264483
8734035.910407584
8362035.132354163
8001175.833450326
7651352.170388864
7312448.278088913
6984338.77428052
6666889.267554236
6359956.867659253
6063390.696855333
5777032.401152708
5500716.660301039
5234271.695422563
4977519.773216324
4730277.705698687
4492357.344481832
4263566.068632887
4043707.2651983635
3832580.801520752
3629983.4885203196
3435709.5341596077
3249550.9863565196
3071298.164658252
2900740.080038572
2737664.8422283246
2581860.0540403156
2433113.1921979287
2291211.9742281274
2155944.7110280986
2027100.6447650215
1904470.2718177359
1787845.6505170425
1677020.6934903776
1571791.4444628272
1471956.3394138075
1377316.4520329314
1287675.7234638198
1202841.1763664659
1122623.1133711378
1046835.3000361257
975295.1324607739
907823.789741535
844246.3714943196
784392.0206997771
728094.0321593642
675189.9468802487
625521.632734314
578935.3517628027
535281.8145214609
494416.22188330936
456198.29473543656
420492.29202441016
387167.0176201773
356095.8164823797
327156.56062436587
300231.6253800947
275207.85648680956
251976.5285020688
230433.29507787115
210478.1316164957
192015.27083321955
174953.13174948475
159204.24263722412
144685.15843021413
131316.37311232704
119022.22758476392
107730.81350547819
97373.87358359809
87886.69880019444
79208.02301409631
71279.91539771871
64047.671133292715
57459.70078430023
51467.41874069427
46025.13111943468
41089.92348435094
36621.54873119071
32582.31546524374
28936.977180031055
25652.622526479026
22698.566942687114
20046.245895054315
17669.109962152448
15542.521973414468
13643.656395563094
11951.40114072977
10446.261951559267
9110.26950024476
7926.889320524562
6880.934674184506
5958.482436661226
5146.792069926252
4434.227735039218
3810.183581590067
3265.0122367725503
2789.956503054816
2377.0842603702044
2019.2265564722427
1709.918857585098
1443.3454207655398
1214.2867394682432
1018.0700046929608
850.5225157787144
707.9279674054134
586.9855326517019
484.7716560378925
398.7044653347839
326.5107065318361
266.1951027092853
216.01203462667291
174.43943860148013
140.15481567641626
112.01324513529481
89.02729509172399
70.3487231104037
55.251860591439986
43.1185759187569
33.42471310625568
25.727904832542276
19.65666129775807
14.90063922549848
11.201998530014977
8.347757634676205
6.163062123622031
4.505285296378767
3.2588832377360486
2.330931175889908
1.6472721455663346
1.149213265526061
0.790709249093995
0.5359770612653583
0.35748988746953386
0.23430276002673397
0.15066627355659595
0.09488878704396904
0.058411337081817984
0.035063155422067095
0.020469178117383243
0.011584239350698456
0.006331749033899916
0.003327550329626687
0.001672334725606165
0.0007984538669244074
0.0003592070718844572
0.00015070166513394523
5.818253784784792e-05
2.031243112208818e-05
6.262150914067527e-06
1.649049202736637e-06
3.532954009447651e-07
5.710057850022499e-08
6.1347671881286854e-09
3.4562978029798254e-10
5.995725348512647e-12
5.856358743101679e-15
4.69808616524051e-149
