0.0
0.126847839313129
0.25318490714749853
0.37850248872082043
0.5022959743621584
0.6240668913969742
0.7433249113206551
0.8595898241783433
0.9723934722009374
1.081281634911195
1.1858158581092808
1.2855752193730785
1.380158022964224
1.4691834173150666
1.5522929285835136
1.6291519041006715
1.6994508598990288
1.7629067268951641
1.8192639907090367
1.8682957205302133
1.9098044828881477
1.9436231366470833
1.969615506024416
1.9876769289225082
1.997734678366016
1.9997482553477501
1.9937095519038848
1.9796428837618654
1.9576048924295575
1.927684317119884
1.890001637429337
1.8447085882091627
1.7919875485826717
1.7320508075688772
1.6651397092695428
1.591523681061664
1.5114991487085165
1.4253883427577254
1.3335380010325832
1.2363179724412103
1.1341197277255417
1.0273547831468126
0.916453043454821
0.8018610708132272
0.6840402866513378
0.5634651136828593
0.4406210655730816
0.3160027919466998
0.19011208660836487
0.06345586699613531
-0.06345586699613572
-0.19011208660836526
-0.31600279194670017
-0.4406210655730811
-0.5634651136828597
-0.6840402866513373
-0.8018610708132275
-0.9164530434548206
-1.0273547831468128
-1.1341197277255413
-1.2363179724412106
-1.333538001032583
-1.4253883427577259
-1.5114991487085163
-1.5915236810616642
-1.6651397092695426
-1.7320508075688776
-1.791987548582672
-1.8447085882091627
-1.8900016374293367
-1.9276843171198843
-1.9576048924295575
-1.9796428837618654
-1.9937095519038845
-1.9997482553477501
-1.997734678366016
-1.9876769289225082
-1.9696155060244163
-1.9436231366470833
-1.9098044828881477
-1.8682957205302135
-1.8192639907090364
-1.762906726895164
-1.6994508598990288
-1.6291519041006717
-1.5522929285835132
-1.4691834173150662
-1.380158022964224
-1.2855752193730792
-1.1858158581092804
-1.0812816349111949
-0.9723934722009376
-0.8595898241783438
-0.7433249113206545
-0.6240668913969741
-0.5022959743621588
-0.3785024887208195
-0.2531849071474981
-0.12684783931312904
-4.898587196589413e-16
